{
  "advancedEditorSelectedIdentifier" : "ShaderGraphEditorPluginID",
  "openSceneRelativePaths" : [
    "Immersive.usda",
    "Untitled Scene.usda"
  ],
  "recentIdentifiers" : {
    "526E6332-982C-44B1-958B-9C8E71802936" : [

    ],
    "AF09ED6F-1707-48FD-8720-65B998362C09" : [

    ]
  },
  "sceneCameraHistory" : {
    "526E6332-982C-44B1-958B-9C8E71802936" : [
      {
        "date" : 766835515.968412,
        "title" : "Untitled",
        "transform" : [
          0.99999994,
          0,
          0,
          0,
          0,
          0.8660254,
          -0.49999988,
          0,
          0,
          0.49999988,
          0.8660254,
          0,
          0.11174618,
          0.6095284,
          0.56404686,
          1
        ]
      },
      {
        "date" : 766835508.372823,
        "title" : "Untitled",
        "transform" : [
          0.99999994,
          0,
          0,
          0,
          0,
          0.8660254,
          -0.49999988,
          0,
          0,
          0.49999988,
          0.8660254,
          0,
          0.09868817,
          0.49267307,
          0.63151324,
          1
        ]
      },
      {
        "date" : 766835505.919877,
        "title" : "Untitled",
        "transform" : [
          0.99999994,
          0,
          0,
          0,
          0,
          0.8660254,
          -0.49999988,
          0,
          0,
          0.49999988,
          0.8660254,
          0,
          0.053725764,
          0.0145946145,
          0.90753174,
          1
        ]
      },
      {
        "date" : 766834639.440436,
        "title" : "Untitled",
        "transform" : [
          0.99999994,
          0,
          -0,
          0,
          -0,
          0.8660254,
          -0.49999988,
          0,
          0,
          0.49999988,
          0.8660254,
          0,
          0.12116924,
          0.5164689,
          0.61777437,
          1
        ]
      },
      {
        "date" : 766834635.473574,
        "title" : "Untitled",
        "transform" : [
          0.99999994,
          0,
          -0,
          0,
          -0,
          0.8660254,
          -0.49999988,
          0,
          0,
          0.49999988,
          0.8660254,
          0,
          0.12116924,
          0.50045425,
          0.4009844,
          1
        ]
      },
      {
        "date" : 766834621.587549,
        "title" : "Untitled",
        "transform" : [
          0.99999994,
          0,
          -0,
          0,
          -0,
          0.8660254,
          -0.49999988,
          0,
          0,
          0.49999988,
          0.8660254,
          0,
          0.12116926,
          0.37066942,
          0.40098438,
          1
        ]
      },
      {
        "date" : 766834602.252521,
        "title" : "Untitled",
        "transform" : [
          0.99999994,
          0,
          0,
          0,
          0,
          0.8660254,
          -0.49999988,
          0,
          0,
          0.49999988,
          0.8660254,
          0,
          0.1493335,
          0.20788941,
          0.35690582,
          1
        ]
      },
      {
        "date" : 766833467.258656,
        "title" : "Untitled",
        "transform" : [
          0.99999994,
          0,
          0,
          0,
          0,
          0.8660254,
          -0.49999988,
          0,
          0,
          0.49999988,
          0.8660254,
          0,
          0.0023434681,
          0.1359276,
          0.22726536,
          1
        ]
      },
      {
        "date" : 766833307.567681,
        "title" : "Untitled",
        "transform" : [
          0.99999994,
          0,
          -0,
          0,
          -0,
          0.8660254,
          -0.49999988,
          0,
          0,
          0.49999988,
          0.8660254,
          0,
          -1.8626451e-09,
          0.19003461,
          0.33777407,
          1
        ]
      },
      {
        "date" : 766829131.809676,
        "title" : "Untitled",
        "transform" : [
          0.99999994,
          0,
          -0,
          0,
          -0,
          0.8660254,
          -0.49999988,
          0,
          0,
          0.49999988,
          0.8660254,
          0,
          5.587935e-09,
          0.13003436,
          0.2597163,
          1
        ]
      }
    ],
    "576D5476-49CD-4809-B217-BBD82E7855F3" : [
      {
        "date" : 766827836.990987,
        "title" : "Untitled",
        "transform" : [
          0.99999994,
          0,
          -0,
          0,
          -0,
          0.8660254,
          -0.49999988,
          0,
          0,
          0.49999988,
          0.8660254,
          0,
          0,
          0.21819013,
          0.37791643,
          1
        ]
      }
    ],
    "AF09ED6F-1707-48FD-8720-65B998362C09" : [
      {
        "date" : 766827480.745188,
        "title" : "Untitled",
        "transform" : [
          0.99999994,
          0,
          -0,
          0,
          -0,
          0.86602443,
          -0.50000155,
          0,
          0,
          0.50000155,
          0.86602443,
          0,
          0,
          4.048718,
          4.895246,
          1
        ]
      }
    ]
  },
  "selectedSceneRelativePath" : "Untitled Scene.usda"
}